s0 = 1.2;
dpdz = 80;
ro=15;
v=0.035;
Q0=16.7;
L=15;
N=3;
delta_z=L/(N-1);
